All tracks @ 550 nm;15.000;25.000;35.000;45.000;55.000;65.000;75.000;85.000;
-0.032;0.000;0.000;0.000;0.000;0.000;0.000;0.000;0.000;
-0.030;7.128;9.378;15.512;0.000;0.000;0.000;0.000;0.000;
-0.029;14.829;18.411;34.118;0.000;0.000;4.033;1.781;0.000;
-0.027;14.837;23.815;46.335;8.692;0.000;9.981;10.961;1.812;
-0.025;12.830;26.864;55.837;25.718;0.000;15.461;23.741;12.384;
-0.024;8.577;27.221;61.001;45.551;8.102;18.166;35.752;26.167;
-0.022;5.949;26.817;63.321;61.016;22.765;16.776;45.218;38.113;
-0.021;7.079;27.713;64.846;69.634;39.460;11.708;51.730;45.744;
-0.019;11.466;32.181;66.433;72.539;54.064;5.707;56.227;48.906;
-0.017;16.540;41.595;68.548;71.994;65.586;2.434;59.875;50.262;
-0.016;20.327;56.641;71.066;70.709;75.355;5.387;65.298;53.584;
-0.014;25.579;76.242;75.252;72.676;85.349;16.065;74.168;61.850;
-0.013;37.701;98.284;84.586;81.895;96.282;32.737;85.586;74.700;
-0.011;58.778;118.643;102.154;99.724;108.557;52.790;97.807;89.766;
-0.010;84.134;133.615;126.616;122.604;121.964;73.443;110.726;105.059;
-0.008;102.789;139.742;152.174;142.202;136.818;93.963;125.122;121.016;
-0.006;105.011;135.513;169.178;150.020;151.924;113.804;141.824;138.414;
-0.005;89.991;121.927;171.047;143.963;162.895;129.487;156.997;156.135;
-0.003;64.906;101.880;158.563;130.242;164.225;135.032;163.480;169.074;
-0.002;39.042;79.965;137.552;119.089;152.266;126.681;156.669;171.611;
-0.000;19.172;61.092;115.933;116.893;128.939;107.140;139.829;163.014;
0.002;7.054;48.900;100.064;122.447;102.370;84.890;121.822;148.885;
0.003;1.308;43.666;91.458;129.713;81.274;66.458;110.050;136.856;
0.005;0.000;43.456;89.309;134.398;70.565;53.497;105.853;130.518;
0.006;0.905;45.084;91.298;135.871;69.082;44.321;106.117;128.599;
0.008;3.645;46.994;95.731;136.721;72.580;37.460;107.169;127.942;
0.010;7.345;48.345;101.437;139.193;78.081;33.637;107.132;127.266;
0.011;10.666;49.323;107.083;143.433;83.468;34.041;106.595;128.043;
0.013;12.945;49.874;111.252;148.299;86.603;37.917;106.583;131.479;
0.014;13.739;50.137;113.923;153.071;86.573;43.763;108.019;136.774;
0.016;13.126;50.705;115.520;157.072;84.637;49.529;111.472;142.789;
0.017;12.428;52.940;117.067;160.135;84.125;53.666;117.468;149.588;
0.019;12.869;57.775;119.345;162.776;87.702;55.028;124.672;157.200;
0.021;14.700;65.174;122.835;165.501;94.552;54.543;130.970;165.356;
0.022;17.524;73.718;127.500;168.223;101.387;54.603;135.164;173.383;
0.024;20.857;82.055;133.085;170.638;105.095;57.418;137.765;181.100;
0.025;24.581;88.772;138.758;171.945;105.668;62.191;140.438;188.440;
0.027;28.628;93.854;143.370;171.853;104.997;66.328;145.015;194.809;
0.029;32.695;97.883;145.691;170.696;104.328;67.282;151.621;199.115;
0.030;36.220;100.552;144.582;169.459;103.676;64.661;157.521;200.742;
0.032;38.685;100.347;140.707;168.601;102.406;60.137;159.644;199.559;
0.033;40.347;96.514;135.985;168.360;100.871;55.991;156.643;195.518;
0.035;41.394;89.272;131.308;168.113;99.116;53.530;150.166;188.496;
0.037;41.935;80.632;126.762;167.387;96.528;52.425;142.932;179.194;
0.038;41.961;72.997;122.304;165.146;92.486;51.680;136.555;169.161;
0.040;40.662;67.880;117.317;160.314;87.632;50.491;131.250;160.005;
0.041;37.569;65.632;111.631;151.880;83.871;48.609;126.639;152.443;
0.043;32.964;65.207;105.279;140.468;82.648;45.736;122.421;145.903;
0.044;28.108;64.467;99.192;128.061;83.287;41.693;118.678;139.857;
0.046;24.142;61.669;94.965;117.736;83.690;37.296;114.192;134.490;
0.048;21.477;56.409;93.487;112.247;82.616;34.493;108.042;130.729;
0.049;19.426;50.271;93.838;113.315;80.536;34.247;101.524;128.386;
0.051;17.455;45.644;93.532;121.246;79.107;35.874;96.800;126.834;
0.052;15.566;43.541;91.194;136.377;79.140;37.079;95.240;125.181;
0.054;14.161;42.750;88.310;159.211;80.463;35.943;96.292;123.887;
0.056;13.353;41.596;87.654;187.189;82.233;32.827;97.163;123.488;
0.057;12.640;38.907;89.635;213.896;83.732;29.505;95.953;124.629;
0.059;11.619;35.270;92.629;231.223;84.619;27.143;93.099;127.342;
0.060;10.216;32.168;94.536;234.133;84.826;26.678;90.278;131.321;
0.062;8.782;31.202;94.534;224.521;84.447;28.114;89.444;136.485;
0.063;7.439;32.685;93.503;209.658;83.434;31.121;91.818;143.412;
0.065;6.661;35.452;94.412;196.081;81.819;34.351;96.872;152.672;
0.067;6.403;37.307;99.703;187.043;80.313;36.065;102.925;164.232;
0.068;6.431;37.455;109.309;181.599;80.784;35.388;108.131;177.141;
0.070;6.442;36.897;119.796;178.167;83.711;33.650;111.322;190.165;
0.071;6.201;37.555;127.271;176.530;88.268;32.975;113.232;202.909;
0.073;5.894;40.772;131.017;177.138;92.902;34.073;115.890;215.631;
0.075;5.886;46.007;134.121;179.111;96.330;35.642;121.276;228.735;
0.076;6.790;51.617;139.739;180.783;98.398;36.430;130.190;242.041;
0.078;8.687;56.519;148.553;180.724;99.844;36.901;141.373;254.918;
0.079;11.108;61.026;158.320;180.039;100.939;38.160;151.681;266.937;
0.081;12.891;65.812;166.908;181.058;102.227;40.604;158.860;278.090;
0.083;13.386;71.751;174.302;184.849;104.160;43.264;163.611;288.621;
0.084;12.758;79.037;181.990;189.761;107.010;45.265;168.196;298.775;
0.086;12.463;87.346;190.284;193.356;110.323;46.961;174.027;308.566;
0.087;13.490;96.052;199.024;195.667;112.841;49.533;180.641;318.103;
0.089;15.869;104.040;207.913;199.450;113.932;52.953;186.928;327.289;
0.090;19.083;110.242;216.970;207.422;114.007;56.025;192.874;335.643;
0.092;22.784;114.401;226.018;219.253;114.184;57.417;198.874;342.166;
0.094;26.891;117.498;233.978;232.666;115.144;57.082;204.543;345.914;
0.095;31.286;120.526;238.642;244.906;116.301;55.911;208.882;346.599;
0.097;35.274;124.400;238.783;254.821;117.403;55.067;211.683;345.138;
0.098;38.190;128.595;235.481;262.518;118.518;54.868;213.385;342.901;
0.100;40.036;131.891;232.371;268.812;119.188;55.218;214.515;340.705;
0.102;41.320;132.960;231.810;274.672;118.698;55.791;213.912;338.179;
0.103;42.805;131.594;232.501;281.760;116.393;56.646;210.746;334.401;
0.105;44.739;128.413;231.135;290.275;112.838;57.824;205.414;328.678;
0.106;47.199;124.854;225.510;299.460;109.948;58.736;199.399;320.970;
0.108;50.541;121.559;216.608;307.347;108.893;58.629;193.485;311.534;
0.110;54.482;118.024;206.872;312.648;108.351;57.199;187.579;300.634;
0.111;58.362;113.406;198.180;315.973;105.672;54.983;181.046;288.599;
0.113;61.487;107.109;190.581;318.522;99.494;53.296;173.941;275.708;
0.114;63.203;99.458;183.199;321.022;91.680;52.396;166.406;261.592;
0.116;63.662;91.297;174.920;323.975;85.442;50.920;157.915;245.790;
0.117;63.573;83.304;165.258;327.316;82.207;47.549;148.106;228.322;
0.119;62.779;75.037;153.649;330.628;81.025;42.260;137.274;210.259;
0.121;60.894;66.182;140.944;332.888;81.073;36.344;126.448;193.799;
0.122;57.336;57.179;128.958;332.348;82.606;31.817;117.315;180.644;
0.124;52.204;49.206;119.962;328.027;84.754;29.891;111.038;170.655;
0.125;46.166;43.949;114.300;321.002;85.134;30.192;106.894;162.647;
0.127;40.424;42.155;109.569;313.327;81.025;31.390;102.798;155.561;
0.129;35.342;42.467;103.378;306.626;72.960;31.693;97.316;149.794;
0.130;31.309;42.513;95.306;301.051;63.995;29.958;91.000;146.749;
0.132;28.213;41.157;87.011;295.925;58.212;26.041;85.876;147.487;
0.133;25.673;38.895;80.668;289.633;56.761;21.253;83.189;151.805;
0.135;23.156;36.796;77.849;281.661;57.882;17.550;83.122;158.383;
0.137;20.463;35.266;78.320;273.037;59.071;16.619;85.198;166.151;
0.138;17.366;33.963;81.542;265.005;59.076;18.249;89.023;175.337;
0.140;14.253;32.081;86.053;257.988;57.815;21.251;94.056;186.496;
0.141;11.248;29.920;90.277;251.000;56.498;23.201;98.300;199.341;
0.143;8.357;28.551;92.741;242.765;56.367;22.638;99.619;213.239;
0.144;5.732;28.874;93.818;233.321;58.234;19.660;97.902;227.438;
0.146;3.384;31.201;95.396;223.817;62.118;16.440;96.070;241.946;
0.148;1.725;35.057;99.285;215.648;66.803;15.228;97.365;257.130;
0.149;0.894;39.066;105.461;209.588;70.548;16.877;102.903;273.296;
0.151;0.687;42.214;112.999;205.596;71.943;19.516;110.996;289.954;
0.152;1.018;44.298;120.602;204.095;70.347;21.133;119.510;306.374;
0.154;1.676;45.844;127.518;205.315;67.153;20.525;127.564;322.639;
0.156;2.343;47.550;134.409;208.530;65.248;18.930;135.649;339.774;
0.157;2.512;49.700;143.102;213.099;67.013;18.186;144.151;358.237;
0.159;2.005;51.976;155.218;218.910;72.681;19.977;153.323;377.506;
0.160;1.073;54.633;170.348;226.587;79.765;24.166;162.953;396.442;
0.162;0.566;58.340;186.440;237.040;84.659;29.004;172.744;413.755;
0.163;0.763;63.654;201.344;250.528;85.928;31.792;182.249;428.958;
0.165;1.398;70.297;214.554;266.090;84.908;31.731;190.655;442.001;
0.167;1.958;77.486;227.436;281.970;84.389;30.345;197.916;453.064;
0.168;2.444;84.649;241.663;297.191;86.872;30.084;204.795;461.805;
0.170;2.981;91.971;257.462;311.505;92.521;31.770;212.081;467.936;
0.171;4.143;100.127;273.506;325.468;100.149;34.984;220.238;471.614;
0.173;5.667;109.946;287.969;340.098;107.783;38.368;228.957;473.258;
0.175;7.098;120.873;299.829;355.492;113.301;40.256;237.372;473.547;
0.176;8.703;131.662;309.276;370.764;115.951;40.187;245.225;473.218;
0.178;10.849;141.109;317.004;384.703;116.566;39.003;251.899;472.451;
0.179;13.765;148.823;323.910;396.003;117.663;37.869;256.648;471.469;
0.181;16.859;155.138;329.840;404.818;121.294;38.352;259.669;470.407;
0.183;18.991;160.579;333.772;412.438;127.400;41.634;262.439;468.970;
0.184;19.549;165.461;335.362;420.328;133.593;47.062;266.165;466.210;
0.186;19.066;170.176;334.670;428.974;137.168;53.576;270.330;460.841;
0.187;18.702;174.659;331.982;437.653;137.203;59.116;271.915;452.513;
0.189;19.390;178.741;328.174;444.984;135.548;61.451;268.472;442.086;
0.190;21.084;181.986;324.038;450.044;134.248;59.489;260.787;431.059;
0.192;23.686;184.046;319.264;452.582;134.446;54.639;252.367;420.127;
0.194;27.156;185.145;312.746;453.642;135.641;49.981;246.067;408.755;
0.195;31.504;185.883;302.963;454.211;136.052;48.401;241.629;396.534;
0.197;37.066;186.464;290.542;455.091;134.664;49.381;236.951;384.202;
0.198;43.458;185.859;277.493;456.315;131.735;50.638;230.797;372.408;
0.200;49.950;182.896;265.816;457.025;128.466;50.273;223.751;361.446;
0.202;56.006;177.375;255.841;455.862;125.617;48.430;217.172;351.006;
0.203;61.342;170.369;245.952;452.515;123.023;46.425;211.144;340.778;
0.205;65.881;163.017;234.403;447.454;119.878;45.122;204.886;330.638;
0.206;70.107;155.706;221.467;442.207;115.655;44.582;197.598;320.925;
0.208;74.314;147.942;208.359;437.600;110.108;44.685;188.884;311.932;
0.210;78.088;139.408;196.990;433.944;104.092;44.632;179.403;304.477;
0.211;81.250;130.504;188.007;430.340;99.076;43.203;170.158;299.594;
0.213;83.694;122.151;181.023;426.010;95.808;40.241;162.166;297.633;
0.214;85.691;114.815;174.990;420.658;94.035;36.300;156.648;297.762;
0.216;87.428;108.354;169.729;414.629;92.921;32.922;153.746;298.696;
0.217;89.328;102.298;166.025;408.302;91.609;31.496;152.371;300.388;
0.219;91.262;95.664;165.597;402.074;89.303;31.398;151.657;304.013;
0.221;93.500;88.597;169.023;395.681;85.895;30.869;151.218;310.242;
0.222;95.808;82.313;175.832;388.635;82.291;29.100;151.237;319.125;
0.224;97.715;78.277;184.315;380.883;80.062;26.647;152.377;330.140;
0.225;98.280;77.303;193.090;373.251;79.938;24.626;155.665;342.480;
0.227;96.575;78.914;201.244;367.165;81.572;23.749;161.236;355.741;
0.229;92.598;81.165;209.323;363.311;83.574;24.339;168.944;369.484;
0.230;87.025;82.896;218.678;361.713;84.830;27.624;177.809;382.948;
0.232;81.053;83.868;230.493;361.727;85.625;33.434;185.945;395.798;
0.233;75.316;85.091;245.838;362.955;86.778;39.673;192.084;408.248;
0.235;70.041;87.780;263.483;365.427;88.606;42.545;196.890;420.506;
0.237;64.988;92.933;279.110;369.073;91.287;39.935;202.353;432.275;
0.238;60.237;100.505;288.807;373.542;95.305;33.389;210.018;442.954;
0.240;56.081;109.450;292.397;378.523;100.625;27.507;219.159;452.221;
0.241;52.775;118.116;293.588;383.842;107.068;25.812;227.777;460.033;
0.243;49.692;126.285;297.611;389.343;113.450;28.757;234.472;466.799;
0.244;45.916;134.706;305.937;395.028;118.654;34.465;239.356;473.013;
0.246;41.450;144.459;315.676;400.909;122.336;41.251;244.107;479.079;
0.248;37.186;155.209;322.653;407.040;125.648;48.094;249.942;484.542;
0.249;34.117;166.042;325.170;413.233;129.583;53.464;256.278;488.682;
0.251;32.282;176.074;325.047;419.482;134.392;56.110;262.275;490.914;
0.252;31.068;185.067;324.969;425.604;138.721;55.906;266.777;491.342;
0.254;29.576;192.479;325.651;431.709;141.006;54.220;269.266;490.543;
0.256;27.791;197.920;325.930;437.599;140.767;53.023;270.234;489.267;
0.257;26.288;201.429;324.029;442.719;139.403;53.183;270.685;487.704;
0.259;25.331;203.929;319.601;446.916;139.399;53.894;270.959;485.531;
0.260;25.086;206.254;313.958;450.533;142.067;53.775;271.719;482.634;
0.262;26.017;208.186;308.524;453.980;146.257;52.758;272.870;478.894;
0.263;28.553;208.643;303.323;457.159;149.044;52.341;273.544;474.078;
0.265;32.515;206.949;296.599;458.979;148.639;53.360;272.930;468.367;
0.267;37.172;203.864;287.037;458.577;145.157;55.290;270.374;461.963;
0.268;41.838;200.768;275.284;456.481;140.533;57.161;266.134;454.673;
0.270;46.363;198.635;263.144;453.969;136.305;58.276;261.222;446.211;
0.271;50.836;197.964;251.818;451.860;132.735;58.837;256.366;436.093;
0.273;55.397;198.382;241.655;449.801;128.546;59.400;251.472;423.847;
0.275;59.941;198.215;231.885;446.743;123.079;59.552;246.008;410.034;
0.276;64.212;195.406;220.814;442.159;116.810;58.583;239.629;395.737;
0.278;68.234;189.378;206.969;436.233;111.208;56.058;232.209;381.968;
0.279;72.292;181.268;189.585;429.112;106.879;52.225;223.861;368.922;
0.281;76.624;173.240;169.871;420.782;103.708;47.812;214.666;356.380;
0.283;81.417;165.830;150.831;411.128;99.991;43.613;205.278;343.285;
0.284;86.585;157.572;135.773;400.807;94.618;39.864;196.096;328.717;
0.286;91.862;146.987;125.178;390.068;87.912;36.896;187.629;312.065;
0.287;97.018;134.698;117.089;378.348;81.204;34.921;179.357;293.534;
0.289;101.933;122.748;108.756;364.315;75.450;33.398;170.541;274.463;
0.290;106.531;112.338;99.236;347.669;71.100;31.663;160.658;256.786;
0.292;110.869;103.035;89.143;329.982;68.363;29.305;150.096;241.465;
0.294;114.475;93.851;79.940;313.449;67.619;25.994;140.090;228.101;
0.295;117.116;84.769;71.965;298.625;68.244;22.086;132.050;214.984;
0.297;118.489;76.535;65.127;284.098;67.837;18.334;126.180;201.024;
0.298;118.276;69.588;59.867;268.066;64.167;15.394;121.376;186.797;
0.300;116.747;62.661;56.936;250.311;58.394;13.437;115.999;173.605;
0.302;114.630;54.428;55.957;232.834;53.523;12.659;109.117;162.343;
0.303;112.245;45.122;55.367;217.414;51.165;13.124;100.924;152.494;
0.305;109.847;36.426;53.041;204.294;49.898;14.265;92.553;142.906;
0.306;107.243;30.355;49.705;191.403;47.114;14.707;84.938;133.108;
0.308;104.127;27.972;47.922;176.604;42.510;13.625;78.711;123.966;
0.310;100.514;28.257;49.484;159.235;38.643;11.041;73.984;116.427;
0.311;96.545;29.497;53.463;140.860;37.574;8.270;70.672;111.049;
0.313;92.442;30.566;57.141;124.000;39.427;7.011;68.144;107.313;
0.314;88.038;30.968;58.418;110.757;42.891;7.860;66.382;104.118;
0.316;83.232;30.007;58.163;101.244;46.321;9.922;65.378;100.557;
0.317;77.953;27.118;58.146;94.621;48.204;12.173;64.835;96.903;
0.319;71.929;22.159;59.112;89.942;46.667;13.591;64.327;93.541;
0.321;65.079;16.118;60.149;87.040;41.940;13.861;63.673;90.553;
0.322;57.849;11.053;60.599;86.334;36.529;13.595;62.782;88.017;
0.324;50.884;9.011;61.196;88.262;33.414;13.507;62.069;86.153;
0.325;44.717;10.104;63.286;92.063;33.880;13.745;61.756;85.494;
0.327;39.390;12.780;66.954;96.805;36.645;14.532;61.624;86.606;
0.329;34.630;15.054;70.860;101.800;39.901;15.493;61.618;89.297;
0.330;30.090;15.569;73.442;107.260;42.797;15.877;61.866;92.098;
0.332;25.795;14.353;74.807;113.292;45.063;15.580;62.645;93.865;
0.333;22.100;12.627;76.349;119.666;46.030;15.134;64.393;94.525;
0.335;19.031;11.852;79.608;126.128;45.160;15.158;66.884;95.166;
0.337;16.293;12.649;84.718;132.939;43.219;15.879;69.823;97.265;
0.338;13.628;15.022;90.432;140.234;42.365;16.582;72.737;101.864;
0.340;10.988;18.138;95.897;147.852;43.701;16.605;74.712;108.280;
0.341;8.750;21.247;101.031;155.379;47.655;16.283;75.463;115.207;
0.343;6.974;24.195;106.186;162.761;53.777;16.729;75.414;121.272;
0.344;5.557;26.979;111.759;170.260;60.082;18.867;75.518;125.737;
0.346;4.392;29.446;117.585;178.082;64.349;21.695;76.687;129.041;
0.348;3.520;31.328;123.390;185.991;64.999;23.366;78.984;132.580;
0.349;3.309;32.422;128.827;193.302;62.372;23.290;82.012;137.458;
0.351;3.920;33.083;133.275;199.899;59.225;22.352;85.270;144.138;
0.352;4.722;34.322;135.539;205.842;58.543;21.829;88.423;152.254;
0.354;5.336;36.372;135.513;211.470;61.158;22.328;91.655;160.817;
0.356;5.584;38.890;134.055;216.984;65.248;23.783;94.960;168.843;
0.357;5.946;41.354;133.201;222.011;67.931;25.572;98.182;175.701;
0.359;6.899;43.704;134.470;226.261;67.966;26.480;101.514;181.532;
0.360;8.187;45.937;138.199;229.588;65.806;25.831;104.675;186.894;
0.362;8.944;48.418;142.035;231.402;63.271;24.429;107.644;192.541;
0.363;8.819;51.533;142.983;231.830;62.224;23.619;110.492;198.818;
0.365;7.900;55.318;139.253;231.331;63.812;24.703;113.361;205.548;
0.367;7.006;59.938;132.120;230.498;67.554;27.607;116.109;211.820;
0.368;6.727;64.711;124.729;230.545;71.933;30.402;118.669;217.095;
0.370;7.368;68.823;119.836;231.535;74.998;31.209;120.787;221.466;
0.371;8.588;72.130;117.958;232.374;75.403;29.958;123.064;225.537;
0.373;10.084;75.190;117.721;231.212;73.018;27.668;126.422;229.379;
0.375;11.207;77.819;116.617;227.194;68.746;25.987;131.018;233.161;
0.376;11.745;80.021;112.963;220.989;64.489;25.868;135.195;236.788;
0.378;11.628;81.007;106.736;214.023;62.039;27.367;137.163;240.280;
0.379;11.292;80.396;98.705;207.018;61.817;29.900;135.888;243.282;
0.381;11.263;78.433;90.727;200.356;61.950;33.062;132.706;245.272;
0.383;11.850;75.593;84.470;193.573;60.338;35.932;129.823;246.056;
0.384;12.761;72.525;79.708;185.879;56.131;36.770;128.644;245.990;
0.386;13.569;70.062;75.266;176.992;51.065;34.438;128.849;245.404;
0.387;13.810;68.487;70.005;167.095;47.295;29.732;129.416;244.687;
0.389;13.715;67.926;63.782;157.183;45.698;25.160;129.050;243.746;
0.390;13.898;67.851;57.239;147.946;45.458;22.905;127.583;242.281;
0.392;14.696;67.251;51.429;140.175;45.303;23.224;125.425;240.104;
0.394;16.589;65.475;47.620;134.947;44.962;24.194;122.727;236.998;
0.395;19.201;62.486;46.754;132.265;44.622;24.249;119.474;232.456;
0.397;22.140;58.725;48.602;129.777;44.065;23.277;115.917;226.463;
0.398;24.800;55.215;50.931;123.817;42.833;22.634;112.264;219.932;
0.400;26.616;52.226;50.889;111.746;41.764;22.862;108.404;213.962;
0.402;27.741;49.293;47.541;95.309;41.366;24.107;104.431;209.363;
0.403;28.851;45.763;42.593;80.148;41.152;26.163;100.542;205.601;
0.405;30.124;41.551;38.851;70.658;39.882;27.622;96.632;200.729;
0.406;31.395;37.217;37.001;66.472;37.721;26.639;92.780;193.265;
0.408;32.028;33.827;35.266;63.076;35.510;22.609;89.145;183.141;
0.410;31.644;31.731;32.107;57.354;34.590;17.002;85.512;171.857;
0.411;31.199;30.636;27.781;49.634;34.920;12.520;81.848;161.690;
0.413;31.487;29.764;23.898;42.138;35.667;10.808;78.523;153.418;
0.414;32.918;28.868;21.869;36.677;35.709;11.233;75.556;146.221;
0.416;35.378;27.708;21.458;33.555;34.840;12.357;72.615;138.760;
0.417;38.274;26.146;22.874;32.227;33.378;13.572;69.620;130.065;
0.419;40.816;23.797;25.767;32.226;31.896;15.005;66.538;120.604;
0.421;42.678;20.748;29.108;32.766;30.539;16.685;63.446;111.511;
0.422;43.800;17.052;30.893;32.846;29.743;18.027;60.191;103.723;
0.424;44.400;13.473;29.710;31.321;29.559;18.083;56.616;97.937;
0.425;44.501;10.239;26.032;28.409;29.223;17.000;52.509;93.553;
0.427;43.871;7.619;22.438;25.899;27.986;15.430;48.351;89.540;
0.429;42.245;6.368;20.759;25.185;26.174;13.375;45.129;84.899;
0.430;40.059;7.228;21.311;25.848;24.545;11.132;43.961;79.006;
0.432;38.185;9.511;22.197;26.199;24.224;9.376;44.651;72.348;
0.433;37.216;11.657;21.778;24.769;25.896;8.910;46.006;66.023;
0.435;37.075;12.417;20.201;21.936;29.239;10.143;46.339;60.932;
0.437;37.518;11.799;18.932;19.694;32.498;12.549;45.133;57.509;
0.438;38.006;10.994;19.844;20.541;33.747;14.698;42.984;55.223;
0.440;38.284;11.160;23.804;24.857;32.244;15.656;40.994;52.948;
0.441;37.928;11.732;29.066;30.129;29.985;15.271;39.938;50.264;
0.443;36.633;11.448;32.693;33.211;29.508;14.046;39.884;46.971;
0.444;34.502;9.425;33.064;32.926;31.712;12.696;40.164;43.545;
0.446;32.060;6.080;30.507;30.650;35.160;11.512;40.342;40.981;
0.448;29.637;3.232;27.006;29.058;37.200;10.174;39.851;40.159;
0.449;27.542;2.529;24.312;29.920;36.165;8.486;38.678;41.032;
0.451;25.765;4.370;22.892;32.534;32.557;6.753;37.488;42.386;
0.452;24.260;7.816;21.987;34.039;28.511;5.389;37.325;42.635;
0.454;22.742;11.277;20.973;32.232;25.965;5.437;38.225;41.154;
0.456;20.839;13.725;20.042;27.745;25.290;7.157;39.738;38.553;
0.457;18.811;15.494;20.032;24.228;25.985;10.056;40.909;36.262;
0.459;17.208;16.461;21.576;25.088;27.383;12.915;41.562;35.496;
0.460;16.405;16.774;25.056;30.858;28.503;14.453;41.627;36.260;
0.462;16.365;16.020;29.660;38.618;28.971;14.380;41.548;37.458;
0.463;16.696;14.196;33.663;44.817;28.799;12.703;41.248;37.972;
0.465;16.676;11.547;35.161;48.059;28.281;10.100;41.175;37.173;
0.467;16.433;8.807;34.365;49.712;28.086;7.808;41.755;35.357;
0.468;16.016;6.587;32.830;50.883;28.751;6.606;43.477;33.425;
0.470;15.169;5.736;32.445;51.750;29.921;6.334;45.460;32.450;
0.471;13.758;5.904;33.507;52.136;30.674;6.877;46.118;33.231;
0.473;12.069;6.973;34.986;52.178;29.995;7.488;44.153;35.591;
0.475;10.496;8.706;35.478;52.206;28.083;8.107;40.428;38.612;
0.476;9.521;10.885;35.172;52.007;25.997;9.279;37.240;40.752;
0.478;9.522;13.295;35.215;51.261;24.875;11.207;36.338;40.893;
0.479;10.226;15.068;36.933;50.976;25.070;13.150;37.153;39.550;
0.481;11.367;14.968;39.967;52.672;26.784;13.933;38.068;38.320;
0.483;12.662;13.483;43.365;57.345;29.573;12.672;38.358;37.975;
0.484;13.974;11.978;45.813;64.202;32.111;9.808;38.851;38.660;
0.486;15.109;11.499;46.308;70.735;33.004;7.041;40.113;39.574;
0.487;16.016;11.735;44.761;74.179;32.421;6.142;41.902;40.290;
0.489;16.447;11.595;42.265;73.508;32.521;7.902;43.324;41.074;
0.490;16.065;10.684;40.215;69.515;34.915;11.205;44.121;41.975;
0.492;14.709;10.105;40.044;64.547;39.166;13.748;44.909;42.952;
0.494;12.882;11.272;41.502;61.426;42.535;13.704;45.745;44.122;
0.495;11.556;14.274;42.684;61.593;42.191;11.376;45.592;45.739;
0.497;11.126;17.570;41.601;63.846;37.312;9.575;44.024;48.167;
0.498;11.460;19.405;38.232;65.350;30.396;10.301;41.783;50.976;
0.500;12.295;19.212;34.466;64.003;24.449;13.369;40.567;53.350;
0.502;13.218;18.094;32.773;60.284;21.606;16.745;41.216;54.860;
0.503;14.457;17.578;34.295;56.684;22.445;18.049;43.074;55.519;
0.505;15.853;18.184;37.555;55.246;25.993;16.621;45.093;55.644;
0.506;16.453;18.975;40.085;56.531;30.020;13.864;46.801;55.800;
0.508;15.900;18.651;40.398;59.056;32.936;11.427;48.161;56.645;
0.510;14.691;17.133;38.283;60.801;34.570;10.585;49.340;58.160;
0.511;13.257;15.355;34.802;60.439;35.780;11.628;50.293;60.060;
0.513;12.411;14.461;31.401;57.086;36.656;14.333;51.407;61.765;
0.514;12.233;14.883;28.848;51.162;36.145;17.359;52.921;62.900;
0.516;12.569;16.281;27.210;44.768;33.285;18.641;54.457;63.921;
0.517;13.324;18.490;25.462;40.273;28.651;17.449;54.896;65.873;
0.519;14.187;21.305;23.366;38.193;24.047;14.504;53.736;69.138;
0.521;14.407;24.125;21.953;36.499;21.309;11.638;52.515;73.237;
0.522;13.838;26.019;21.625;33.023;20.348;10.448;53.598;76.783;
0.524;12.855;26.151;22.402;27.675;20.145;11.132;56.984;79.084;
0.525;12.375;24.449;23.963;22.189;20.584;12.822;59.946;80.075;
0.527;12.566;21.903;25.973;19.244;22.395;14.037;59.678;80.320;
0.529;12.997;19.463;27.924;19.701;25.238;14.199;56.386;80.737;
0.530;13.154;17.910;29.161;22.342;27.723;14.667;53.091;81.590;
0.532;13.252;17.052;28.426;25.229;27.969;16.396;52.405;82.772;
0.533;13.558;16.176;25.772;26.522;25.658;19.073;54.598;84.128;
0.535;14.187;14.621;22.875;24.583;23.125;21.104;57.702;85.144;
0.537;14.452;12.996;21.730;19.777;23.006;20.122;59.784;85.346;
0.538;13.939;12.419;21.720;14.376;25.331;15.776;60.196;84.744;
0.540;12.788;13.710;20.577;11.313;27.455;10.671;58.706;83.659;
0.541;11.853;16.711;16.597;11.280;26.424;7.341;55.344;83.008;
0.543;11.857;19.766;11.043;12.787;22.290;6.916;51.052;83.489;
0.544;13.137;20.794;6.809;13.313;18.057;8.588;47.135;84.749;
0.546;15.271;19.427;6.139;11.751;16.438;10.575;44.908;85.569;
0.548;17.463;16.462;8.848;8.783;17.605;11.677;44.583;84.895;
0.549;18.486;12.838;13.473;6.935;20.218;11.745;45.203;82.948;
0.551;17.339;9.664;17.739;7.834;22.955;10.983;45.835;80.649;
0.552;14.469;7.381;20.008;11.127;25.163;9.870;45.794;78.584;
0.554;11.349;6.031;19.294;14.701;26.169;8.523;44.935;76.678;
0.556;9.686;5.555;16.374;16.778;25.442;7.600;43.576;74.376;
0.557;10.525;5.889;12.962;16.624;23.468;7.735;42.130;71.334;
0.559;13.217;6.898;10.653;15.513;21.740;9.250;40.947;67.945;
0.560;15.928;8.867;9.415;14.512;21.249;11.139;40.067;64.419;
0.562;17.462;11.514;8.560;14.070;21.066;12.129;38.966;60.839;
0.563;17.416;13.770;7.469;13.248;19.317;11.079;37.345;57.346;
0.565;16.381;14.035;6.776;11.132;15.570;8.374;35.154;54.661;
0.567;15.473;11.925;7.615;7.991;11.946;5.505;33.287;53.787;
0.568;15.350;8.324;10.247;5.650;10.756;4.007;32.586;54.776;
0.570;16.088;5.183;13.725;5.709;12.886;3.797;32.916;56.140;
0.571;17.407;3.378;16.250;8.800;17.270;4.524;33.145;55.762;
0.573;18.732;2.441;16.627;13.245;21.209;5.872;32.636;52.579;
0.575;19.237;1.492;15.214;16.220;22.592;8.321;31.477;47.564;
0.576;18.608;0.418;13.415;15.954;21.185;11.943;30.843;42.657;
0.578;17.186;0.000;12.542;12.757;18.162;15.568;31.409;39.201;
0.579;15.842;0.998;12.389;8.459;15.625;16.961;33.010;37.298;
0.581;15.198;3.510;11.705;5.369;15.004;14.700;34.587;35.941;
0.583;15.199;6.604;9.741;4.920;15.710;9.289;34.813;34.471;
0.584;15.580;8.788;7.069;7.121;16.559;3.379;33.091;32.810;
0.586;16.260;9.394;5.561;10.019;16.154;0.000;30.200;31.070;
0.587;17.019;8.896;6.531;11.103;14.253;0.439;27.579;29.621;
0.589;17.845;7.916;10.229;9.584;12.307;3.762;26.503;29.015;
0.590;18.795;6.883;15.479;7.257;12.019;7.518;27.305;29.608;
0.592;19.819;5.712;20.302;6.138;14.109;9.385;28.529;31.190;
0.594;20.926;4.094;22.575;7.554;17.635;8.397;28.484;32.879;
0.595;21.440;2.524;21.191;10.050;20.452;5.657;26.764;33.891;
0.597;20.644;1.651;16.497;11.770;20.914;3.031;24.577;33.832;
0.598;18.568;1.860;10.979;11.812;19.200;1.980;23.489;32.731;
0.600;16.062;3.104;7.366;10.554;16.878;3.335;24.535;30.898;
0.602;14.117;5.160;6.664;8.841;15.647;6.744;26.976;28.769;
0.603;13.052;7.590;7.311;7.991;16.107;10.549;29.225;26.628;
0.605;12.765;9.522;7.052;8.358;17.613;12.436;29.731;24.844;
0.606;13.169;9.972;5.358;9.466;18.968;11.594;28.105;23.464;
0.608;14.058;8.821;3.880;10.052;19.171;8.460;25.103;22.370;
0.610;15.010;6.957;5.159;9.238;18.371;5.701;22.169;21.512;
0.611;15.663;5.626;9.796;7.600;16.971;5.839;20.736;21.703;
0.613;15.832;5.067;15.910;6.227;15.804;9.032;21.695;23.538;
0.614;16.009;4.795;20.980;6.717;15.391;12.493;24.183;26.462;
0.616;16.119;4.232;23.241;9.307;15.995;13.356;26.542;29.071;
0.617;15.532;3.444;22.248;12.727;17.412;10.975;27.716;29.931;
0.619;14.058;2.911;18.724;14.639;19.206;7.329;27.693;28.774;
0.621;12.206;3.096;13.996;13.636;20.109;5.241;27.057;26.395;
0.622;10.833;3.848;9.908;9.703;19.787;5.891;26.306;23.707;
0.624;10.241;5.316;7.724;5.553;18.957;8.911;25.773;21.507;
0.625;10.110;7.170;6.980;3.962;18.336;13.258;25.657;20.577;
0.627;9.787;8.407;6.523;6.204;18.085;17.313;25.897;20.959;
0.629;9.493;8.444;6.488;10.019;17.152;18.883;25.857;21.975;
0.630;9.816;7.553;7.894;11.914;14.733;16.508;25.066;22.299;
0.632;10.832;6.380;11.166;10.051;11.750;10.821;23.619;21.382;
0.633;11.762;5.701;15.063;6.078;10.215;5.104;22.671;20.085;
0.635;12.232;5.486;17.161;3.304;11.684;2.697;23.066;19.564;
0.637;12.393;5.169;16.218;5.066;15.625;3.755;24.203;20.276;
0.638;12.166;4.369;13.329;10.558;19.867;6.069;24.655;21.555;
0.640;11.360;3.300;10.123;16.216;22.188;7.132;23.903;22.866;
0.641;9.605;2.522;7.991;19.011;21.478;6.785;22.807;24.264;
0.643;7.564;2.631;7.946;18.673;18.441;7.033;22.409;25.668;
0.644;6.210;3.649;9.892;17.027;15.511;9.384;23.454;26.273;
0.646;6.091;4.799;12.317;16.059;15.015;13.101;25.712;25.786;
0.648;6.543;5.386;12.868;15.474;17.473;16.628;28.096;24.419;
0.649;6.996;5.452;10.534;14.090;20.770;17.868;28.837;22.428;
0.651;7.015;5.607;7.610;11.362;21.553;16.247;27.330;19.724;
0.652;7.194;6.277;7.328;8.422;19.068;12.336;24.164;16.287;
0.654;7.852;7.125;10.444;7.082;15.834;8.083;21.125;12.790;
0.656;8.759;6.991;14.347;7.824;15.025;5.161;20.152;10.747;
0.657;9.478;5.799;15.484;10.012;17.781;4.884;21.479;11.483;
0.659;9.775;4.252;13.288;12.484;21.778;6.693;23.588;15.175;
0.660;9.168;3.590;9.737;14.905;23.592;9.271;25.146;19.839;
0.662;7.962;4.223;7.419;17.542;21.825;10.975;25.934;23.209;
0.663;6.692;5.798;7.298;19.675;17.981;11.496;26.203;23.819;
0.665;5.897;7.321;8.121;19.632;14.649;11.653;26.485;21.987;
0.667;5.746;7.893;8.092;17.050;14.016;12.215;27.170;19.115;
0.668;5.843;7.121;6.486;12.590;15.759;12.950;27.926;16.971;
0.670;5.591;5.878;4.085;8.167;17.832;12.981;28.407;15.772;
0.671;5.361;5.262;3.069;4.989;18.023;11.522;28.148;15.052;
0.673;5.469;5.904;4.726;2.806;15.774;8.372;26.899;14.083;
0.675;5.961;7.254;7.710;0.871;12.881;4.930;24.674;13.107;
0.676;6.884;7.864;9.904;0.000;11.791;3.197;22.384;12.344;
0.678;7.759;6.932;9.725;1.963;13.564;4.180;20.894;12.090;
0.679;7.999;5.227;8.037;7.456;17.001;7.387;20.980;12.882;
0.681;7.213;4.212;6.751;14.017;19.735;10.596;22.304;15.210;
0.683;5.484;4.663;6.793;18.252;20.161;11.705;23.859;18.535;
0.684;3.606;6.125;7.358;18.258;18.993;10.381;24.352;21.415;
0.686;2.871;7.555;6.850;14.785;17.692;7.882;23.317;22.374;
0.687;3.436;8.262;4.709;10.977;17.820;6.043;21.359;21.634;
0.689;4.893;8.333;1.894;9.436;19.119;6.091;20.366;20.511;
0.690;6.154;8.344;0.364;10.427;19.898;7.570;21.699;20.252;
0.692;6.374;8.550;1.913;11.956;18.779;9.390;24.858;20.837;
0.694;5.322;8.801;6.689;11.733;16.055;10.046;27.922;20.941;
0.695;3.860;8.668;12.415;8.759;13.222;8.681;29.113;19.437;
0.697;2.772;7.634;16.324;4.617;12.028;5.960;27.610;16.417;
0.698;2.675;5.705;16.301;2.194;13.133;3.544;24.725;12.904;
0.700;3.325;4.024;12.639;3.974;16.357;3.243;22.428;10.661;
0.702;4.066;3.961;8.023;9.106;20.415;5.544;21.714;10.768;
0.703;4.263;5.970;5.435;14.004;23.298;8.739;22.088;12.955;
0.705;4.416;9.107;5.687;14.972;23.548;10.448;22.558;16.357;
0.706;5.215;11.506;7.384;11.770;20.818;9.561;22.628;19.847;
0.708;6.254;12.022;8.009;7.630;16.976;7.306;22.512;22.647;
0.710;6.648;10.831;6.259;6.353;14.941;6.090;22.723;24.369;
0.711;5.669;8.847;3.418;8.327;15.685;7.296;23.402;24.717;
0.713;3.501;7.022;2.409;10.709;17.603;10.145;24.465;23.689;
0.714;1.308;5.898;5.115;10.197;18.236;12.850;25.372;22.108;
0.716;0.212;5.450;10.410;6.414;16.017;13.102;25.938;20.685;
0.717;0.477;5.629;15.008;2.039;12.181;10.814;25.780;19.493;
0.719;1.763;6.168;15.943;0.886;9.595;7.458;24.958;17.534;
0.721;3.589;6.766;13.164;4.823;10.847;5.506;24.082;14.522;
0.722;5.122;7.557;9.170;11.869;15.767;6.000;24.383;11.415;
0.724;5.794;8.907;6.986;17.549;21.222;8.100;25.901;10.067;
0.725;5.473;10.892;7.327;18.500;23.315;9.412;27.658;11.759;
0.727;4.535;12.648;8.670;14.502;20.616;8.836;27.939;16.399;
0.729;3.081;13.212;8.737;8.982;15.126;6.848;25.820;21.964;
0.730;1.633;12.316;7.113;5.823;10.874;5.258;21.922;26.100;
0.732;0.525;10.577;5.422;5.981;10.730;5.460;18.100;27.689;
0.733;0.000;9.114;5.359;7.358;13.913;7.194;16.525;27.072;
0.735;0.060;8.602;7.326;7.087;17.507;9.374;18.247;25.692;
0.737;1.151;8.495;10.262;4.272;18.484;10.432;21.812;24.335;
0.738;2.754;8.222;12.227;0.859;16.145;9.574;24.730;22.862;
0.740;4.404;7.698;12.080;0.090;11.861;6.914;25.211;20.547;
0.741;5.708;7.437;10.672;4.087;8.834;4.221;23.177;17.707;
0.743;6.141;8.066;9.236;11.248;9.792;3.311;20.446;15.382;
0.744;5.666;9.576;9.221;17.171;14.628;4.695;19.457;14.530;
0.746;4.674;11.724;10.563;18.390;20.281;7.148;21.278;15.026;
0.748;3.404;13.987;12.059;14.730;23.221;8.697;25.137;16.432;
0.749;2.116;15.601;12.013;10.075;21.855;8.113;28.702;18.686;
0.751;1.147;15.934;9.552;8.403;17.761;6.121;29.766;22.353;
0.752;0.728;15.188;5.703;10.127;14.599;4.730;27.705;27.247;
0.754;0.943;13.797;3.090;12.389;14.423;5.498;23.871;31.846;
0.756;1.189;12.342;3.305;12.284;16.498;8.270;20.852;34.583;
0.757;1.320;11.142;6.257;9.187;17.989;11.294;20.499;34.287;
0.759;1.408;9.800;10.106;5.561;16.833;12.746;22.249;31.360;
0.760;1.845;7.924;12.576;4.092;13.571;11.857;24.441;27.383;
0.762;2.818;5.977;13.431;6.044;10.524;9.346;25.619;24.229;
0.763;3.908;5.393;13.576;9.719;10.759;7.237;25.262;22.907;
0.765;4.338;7.003;14.065;12.543;15.077;6.861;24.079;23.326;
0.767;4.209;10.263;14.592;13.466;20.747;8.106;23.616;23.882;
0.768;3.548;13.294;14.148;13.282;24.467;9.713;24.656;23.126;
0.770;2.492;14.471;12.235;13.274;24.723;10.506;26.866;21.361;
0.771;1.418;13.520;9.007;14.236;21.873;9.997;29.097;20.621;
0.773;0.491;11.771;5.317;15.129;18.533;9.222;30.052;22.770;
0.775;0.000;10.639;3.107;14.637;16.365;9.328;29.589;27.441;
0.776;0.045;10.898;4.248;12.891;15.367;10.550;28.395;32.873;
0.778;0.603;12.124;8.588;11.527;15.083;11.563;27.249;37.617;
0.779;1.740;13.296;14.069;11.958;14.621;11.179;26.561;40.912;
0.781;3.150;13.420;17.582;14.288;13.197;9.319;26.580;42.330;
0.783;4.259;11.940;17.438;17.456;11.336;7.255;27.220;41.015;
0.784;4.890;9.475;14.666;19.771;10.710;6.437;28.322;36.905;
0.786;4.888;7.664;12.227;19.508;12.915;7.513;29.082;31.946;
0.787;4.676;7.788;11.244;16.870;17.698;9.785;28.954;28.608;
0.789;4.637;9.753;10.870;13.425;22.112;12.082;28.398;27.843;
0.790;4.554;12.176;9.585;11.079;23.951;13.743;28.485;29.015;
0.792;4.016;13.783;6.908;10.695;22.704;14.600;30.312;30.649;
0.794;3.079;15.409;3.962;11.499;20.000;14.811;33.451;32.371;
0.795;1.893;17.957;3.527;12.249;17.654;14.472;36.519;35.111;
0.797;0.868;20.969;7.061;12.811;16.533;14.223;38.121;38.994;
0.798;0.410;22.215;13.043;14.224;16.258;14.370;37.798;43.351;
0.800;0.782;20.362;17.882;17.127;16.804;15.158;36.668;47.776;
0.802;1.920;15.699;19.031;19.857;17.424;15.996;36.494;52.087;
0.803;3.434;10.875;16.379;20.389;17.145;16.428;37.574;55.551;
0.805;4.831;8.205;12.986;18.503;15.665;16.103;39.118;56.949;
0.806;5.764;8.217;12.747;15.929;14.371;15.675;39.923;55.218;
0.808;5.998;9.141;16.824;15.138;14.865;15.783;39.242;51.225;
0.810;5.653;9.601;22.387;16.997;16.865;16.953;37.756;47.145;
0.811;5.291;9.801;24.559;19.276;18.586;18.532;37.067;45.074;
0.813;5.502;10.878;20.616;20.009;18.466;19.815;38.328;45.471;
0.814;6.385;13.972;12.272;19.268;16.396;20.254;41.522;46.958;
0.816;7.310;18.887;4.649;18.593;13.995;20.294;45.667;48.455;
0.817;7.443;23.451;2.171;19.037;13.006;20.458;49.616;50.255;
0.819;6.865;25.447;5.615;20.440;13.822;20.941;52.648;53.044;
0.821;6.349;24.056;11.432;21.155;15.615;21.516;54.349;57.101;
0.822;6.224;20.293;15.708;19.943;17.114;21.732;54.710;61.968;
0.824;5.971;16.505;16.381;17.673;17.318;21.385;53.602;66.633;
0.825;5.320;14.740;14.438;16.155;15.974;20.808;51.299;70.302;
0.827;4.669;15.852;13.192;16.312;13.446;20.498;48.942;72.394;
0.829;4.893;19.303;16.371;17.991;10.715;20.336;47.952;72.799;
0.830;5.963;22.762;24.143;20.133;8.742;20.530;48.479;71.703;
0.832;7.239;23.967;32.359;21.513;7.611;21.021;49.468;70.193;
0.833;7.636;21.805;35.089;20.938;7.140;22.215;49.930;69.228;
0.835;7.196;16.838;30.020;17.952;7.292;24.658;49.521;69.343;
0.837;6.507;12.089;20.333;13.137;8.302;28.418;48.958;70.147;
0.838;5.985;10.933;12.173;8.255;10.444;32.215;49.479;71.000;
0.840;5.402;14.334;9.063;5.203;13.637;34.565;51.574;71.651;
0.841;4.744;20.823;9.776;5.354;16.783;34.512;54.662;72.818;
0.843;3.779;27.530;11.048;8.214;19.016;32.573;57.958;75.431;
0.844;2.656;31.623;11.672;11.846;19.397;30.450;60.323;79.654;
0.846;1.645;32.167;12.849;14.511;17.980;29.589;61.178;84.098;
0.848;1.235;29.539;15.671;15.381;15.752;30.556;60.790;86.831;
0.849;1.730;24.539;19.397;14.810;13.786;32.715;60.205;87.346;
0.851;2.892;18.825;21.954;13.505;12.535;35.192;60.350;86.322;
0.852;3.714;14.076;21.721;12.354;11.999;36.883;61.441;85.306;
0.854;3.314;11.388;18.997;11.906;11.566;37.574;63.096;85.374;
0.856;1.841;10.278;15.446;13.154;11.088;37.656;64.585;86.786;
0.857;0.339;9.613;12.665;15.753;10.863;37.857;65.475;88.959;
0.859;0.000;9.085;11.398;18.634;11.170;38.245;66.005;91.810;
0.860;0.902;8.864;11.304;19.544;11.791;38.501;66.638;94.980;
0.862;2.324;8.959;11.023;17.910;12.740;38.339;67.681;97.876;
0.863;3.445;9.008;9.287;14.965;14.660;38.570;69.197;100.299;
0.865;4.046;8.146;6.249;12.410;17.579;39.808;71.021;102.491;
0.867;4.035;6.613;3.620;10.624;20.430;41.428;72.793;104.749;
0.868;3.888;5.532;3.102;8.969;21.894;42.415;73.792;107.164;
0.870;3.492;5.745;4.597;6.668;21.663;41.944;73.330;109.132;
0.871;2.843;7.360;6.176;4.703;21.016;40.532;71.426;109.978;
0.873;1.856;9.513;6.367;4.526;21.482;39.886;68.850;109.788;
0.875;0.700;11.366;5.792;6.859;22.704;41.064;66.902;108.970;
0.876;0.000;12.717;6.301;10.505;23.391;43.479;66.579;108.287;
0.878;0.532;13.533;8.679;13.357;22.659;45.779;67.965;108.768;
0.879;2.151;14.147;11.431;14.024;21.260;46.730;70.120;110.960;
0.881;4.165;14.142;12.590;12.636;21.127;46.170;71.832;114.928;
0.883;5.754;12.791;11.561;10.528;23.210;45.214;72.102;120.209;
0.884;6.525;9.834;9.700;9.048;26.802;45.121;70.715;126.117;
0.886;6.687;5.780;8.526;8.310;29.741;46.220;68.912;132.679;
0.887;6.103;1.643;8.118;7.677;29.696;47.759;68.422;140.161;
0.889;4.851;0.000;7.521;7.072;26.189;48.810;70.352;146.763;
0.890;3.448;2.904;6.011;7.539;20.918;48.842;74.330;148.346;
0.892;2.635;9.575;4.644;10.049;16.115;47.992;78.500;140.995;
0.894;2.643;16.236;4.464;13.895;13.516;46.681;80.846;124.869;
0.895;3.228;19.472;5.084;16.748;13.115;45.001;80.528;104.413;
0.897;3.449;18.256;5.146;16.486;13.805;43.372;78.026;85.224;
0.898;3.399;15.011;3.798;12.918;14.858;41.931;74.916;70.618;
0.900;3.669;12.272;1.650;8.030;15.961;40.620;72.618;60.347;
0.902;4.442;10.570;0.994;4.732;17.058;39.074;71.535;53.018;
0.903;5.163;8.868;2.985;4.792;17.430;37.393;70.579;48.041;
0.905;5.150;6.929;6.808;7.196;16.757;35.917;68.616;44.935;
0.906;4.197;5.160;10.154;9.953;15.526;35.061;65.382;42.800;
0.908;2.898;4.185;10.879;11.467;14.424;34.885;61.873;40.684;
0.910;2.564;3.857;8.704;11.309;13.724;34.374;59.324;37.738;
0.911;3.740;5.095;5.592;10.540;12.839;32.633;58.021;34.651;
0.913;5.851;8.906;4.494;10.674;10.780;30.210;56.767;32.569;
0.914;7.507;14.585;6.026;11.845;7.940;28.606;54.570;31.893;
0.916;7.866;18.886;8.177;13.030;5.691;28.361;51.556;31.929;
0.917;7.065;18.750;7.982;12.753;5.485;29.114;48.962;31.161;
0.919;5.993;14.222;4.582;9.903;7.884;29.461;47.459;28.660;
0.921;5.253;8.754;0.603;5.668;11.646;28.642;46.937;24.922;
0.922;4.719;6.277;0.000;2.981;14.676;26.688;46.858;21.064;
0.924;4.277;7.261;4.131;4.138;15.612;24.457;46.218;18.058;
0.925;4.133;9.370;10.740;8.715;14.088;22.356;44.681;16.130;
0.927;4.846;10.075;16.047;13.310;11.212;20.557;42.381;14.658;
0.929;6.472;8.767;18.430;14.734;8.801;19.066;40.042;13.078;
0.930;8.210;6.631;17.983;12.313;8.341;18.266;38.194;11.273;
0.932;9.271;5.216;15.765;8.016;9.873;18.355;37.108;9.812;
0.933;9.376;5.600;13.017;5.479;12.280;18.999;36.122;9.861;
0.935;8.538;8.520;10.348;6.022;13.710;19.676;34.543;11.728;
0.937;6.986;14.125;7.980;7.988;12.770;18.891;32.000;14.400;
0.938;5.555;20.039;6.497;8.629;9.330;16.099;29.319;15.838;
0.940;4.836;22.773;5.389;6.517;5.453;12.389;27.068;14.929;
0.941;5.055;20.158;4.189;2.533;3.726;9.805;25.474;12.336;
0.943;5.833;13.296;3.331;0.000;4.937;9.863;24.060;10.079;
0.944;6.620;5.985;3.860;1.481;8.011;12.515;22.513;9.094;
0.946;7.026;1.878;6.469;6.813;10.970;16.120;21.076;8.826;
0.948;7.122;1.133;9.880;12.409;12.248;18.897;20.167;8.093;
0.949;7.172;1.786;11.599;14.803;11.771;19.124;19.940;6.236;
0.951;7.289;2.293;10.403;13.240;10.220;16.513;20.294;3.714;
0.952;7.312;3.699;7.734;10.462;8.313;12.340;20.499;1.660;
0.954;7.849;7.506;6.042;9.540;7.309;8.702;20.315;1.012;
0.956;9.218;13.240;6.578;10.582;7.636;7.406;19.604;2.395;
0.957;10.833;18.036;8.411;11.107;8.246;8.544;18.242;5.724;
0.959;11.544;18.860;9.200;8.518;7.618;10.786;16.258;9.612;
0.960;10.534;15.056;7.431;3.521;4.766;12.143;14.613;12.228;
0.962;7.977;9.100;4.199;0.000;1.242;11.922;13.762;12.079;
0.963;5.268;3.866;2.221;1.536;0.000;10.936;14.131;9.286;
0.965;3.702;1.024;3.228;8.090;2.909;10.679;15.155;5.635;
0.967;3.756;0.029;6.576;16.154;8.815;11.684;16.057;3.136;
0.968;5.187;0.000;10.001;20.820;13.858;13.180;16.483;2.572;
0.970;7.509;0.703;11.256;19.776;14.591;13.350;16.636;3.418;
0.971;10.130;2.166;9.995;14.310;10.435;11.355;16.640;4.612;
0.973;12.143;4.688;7.838;8.990;5.082;8.162;16.212;5.411;
0.975;13.102;8.449;6.706;7.434;3.642;6.239;15.101;5.941;
0.976;12.748;12.739;6.901;9.055;7.384;6.416;13.418;6.911;
0.978;11.007;16.233;7.298;10.490;12.459;7.748;11.549;9.031;
0.979;8.550;17.305;6.557;8.681;14.156;8.635;9.703;12.273;
0.981;6.291;15.184;4.722;4.221;10.174;8.120;8.634;15.509;
0.983;4.935;10.880;3.377;0.636;3.830;6.721;8.647;17.274;
0.984;4.537;6.705;4.242;1.226;0.606;5.897;10.017;16.576;
0.986;4.402;4.550;7.235;5.783;3.227;6.520;12.383;13.176;
0.987;3.902;4.531;9.990;11.006;9.810;8.426;14.636;8.523;
0.989;3.346;5.979;11.061;13.160;15.193;10.543;15.554;4.328;
0.990;3.494;8.499;10.307;12.299;15.676;11.244;14.541;1.823;
0.992;4.827;11.928;9.161;11.111;11.507;9.941;12.288;1.522;
0.994;7.263;15.284;8.298;12.115;6.336;7.336;10.408;3.112;
0.995;10.015;16.322;7.600;15.041;4.546;4.643;10.123;5.444;
0.997;11.972;13.449;6.362;16.643;7.126;3.052;11.186;7.900;
0.998;12.384;8.289;4.965;14.363;10.764;2.764;12.302;10.277;
1.000;11.224;4.059;3.616;8.631;11.507;3.711;12.117;13.024;
1.002;9.143;2.870;3.285;3.218;7.712;5.325;10.828;16.386;
1.003;7.377;3.947;4.201;2.085;2.201;6.300;9.062;19.029;
1.005;6.311;4.815;6.142;5.938;0.376;5.509;7.487;19.257;
1.006;5.811;4.170;7.825;11.912;4.935;3.762;5.926;16.420;
1.008;5.568;3.411;8.352;16.156;13.300;2.759;4.562;11.274;
1.010;5.381;4.729;7.635;16.506;19.681;4.113;4.409;5.885;
1.011;5.270;8.628;7.120;13.490;19.880;7.411;6.266;2.185;
1.013;4.878;12.965;8.156;10.722;14.719;10.331;9.282;0.396;
1.014;4.163;14.955;10.814;11.037;9.260;10.894;11.997;0.000;
1.016;3.553;13.670;13.406;14.101;7.586;9.141;12.777;0.826;
1.017;3.968;10.621;13.984;16.261;9.640;6.366;11.943;2.646;
1.019;5.573;7.695;11.686;14.701;11.898;4.158;10.365;5.316;
1.021;7.784;5.757;7.422;9.003;11.045;2.785;8.850;8.569;
1.022;9.100;4.579;3.723;2.608;6.542;1.749;7.633;12.161;
1.024;8.746;3.629;2.828;0.000;1.518;0.773;6.833;15.499;
1.025;6.941;2.902;5.103;2.471;0.000;0.126;6.405;17.209;
1.027;5.042;2.429;8.389;7.626;3.629;0.000;6.372;16.139;
1.029;3.960;1.910;9.934;11.380;9.964;1.076;6.352;12.306;
1.030;3.878;1.479;8.692;11.558;14.334;3.482;6.159;7.322;
1.032;4.067;1.645;6.254;9.192;13.614;7.279;5.924;3.175;
1.033;3.660;2.716;5.016;7.691;9.373;11.296;5.945;0.855;
1.035;2.527;5.942;6.457;8.498;5.658;13.356;6.636;0.000;
1.037;1.149;10.815;10.063;10.355;5.683;11.907;8.083;0.000;
1.038;0.076;15.225;13.530;11.084;9.194;7.588;10.249;0.492;
1.040;0.000;16.557;14.120;9.490;12.634;2.893;12.451;1.462;
1.041;0.911;13.597;10.758;6.523;12.631;0.644;13.853;2.788;
1.043;3.038;7.592;5.382;4.224;8.508;1.564;13.580;4.664;
1.044;5.868;2.295;1.768;3.848;3.748;3.747;11.706;8.159;
1.046;8.259;0.000;2.121;5.435;2.606;5.019;9.225;13.000;
1.048;9.047;0.338;5.321;7.994;6.526;4.451;7.101;17.215;
1.049;8.056;1.781;8.283;9.330;12.385;2.647;5.581;17.793;
1.051;5.670;3.342;9.641;9.023;15.594;1.106;4.502;14.000;
1.052;3.230;5.568;10.842;7.887;13.585;1.514;3.427;7.801;
1.054;1.757;8.758;13.660;8.083;9.026;3.840;2.623;2.834;
1.056;1.454;11.576;16.882;10.140;6.221;6.363;3.151;0.941;
1.057;1.836;12.148;17.015;12.074;6.993;7.805;5.306;1.640;
1.059;2.405;9.762;12.022;11.500;9.619;8.219;8.030;3.420;
1.060;2.565;5.652;4.585;8.213;10.388;7.950;10.729;5.398;
1.062;2.496;2.130;0.000;3.549;7.724;7.241;12.360;7.109;
1.063;2.545;0.554;0.840;0.120;2.978;5.659;12.883;8.569;
1.065;3.271;0.615;6.699;0.000;0.000;3.643;12.314;9.403;
1.067;4.632;1.208;12.392;3.003;0.384;1.883;10.681;9.752;
1.068;6.018;1.163;13.561;7.252;3.920;0.980;8.181;10.566;
1.070;6.172;0.618;9.812;9.894;7.503;0.496;5.748;11.246;
1.071;4.960;0.015;4.432;9.296;8.689;0.000;3.632;10.572;
1.073;2.892;0.000;1.452;6.232;6.732;0.000;2.118;7.958;
1.075;1.078;0.000;1.817;3.120;3.572;0.000;0.888;4.237;
1.076;0.000;0.000;4.565;1.640;0.548;1.456;0.000;0.000;
1.078;0.228;1.084;4.190;1.299;0.000;3.012;0.000;0.000;
